1KC478 1 15 104.2522
1KC301 2 1 105.3732
1XC05 3 2 162.3635
1XC04 4 3 197.3659
1XC03 5 4 71.4909
1XC84 6 5 181.1348
1KC323 7 6 260.1756
1XC02 8 7 100.2102
1XC01 9 8 97.2014
1KC338 10 9 186.4214
1XC06 11 10 164.3502
1KC186 12 11 183.0434
1XC07 13 12 135.1146
1KC469 14 13 148.0010
1KC030 15 14 241.0746
2XC01 16 10 171.3725
2XC10 17 16 83.1637
2KC236 18 17 181.4419
2XC09 19 18 95.0031
2XC08 20 19 182.3316
2KC421 21 20 88.2424
2KC186 11 21 88.4050
2XC06 10 11 195.2458
2KC338 9 10 173.1746