KC301-KC478 2 1 297.659 319.520766 0 0 1
KC301-XC05 2 3 209.697 0 0 0 1
XC05-XC04 3 4 330.177 0 0 0 1
XC04-XC03 4 5 334.484 0 0 0 1
XC03-XC84 5 6 144.874 0 0 0 1
XC84-KC323 6 7 276.718 0 0 0 1
KC323-XC02 7 8 100.608 0 0 0 1
XC02-XC01 8 9 144.433 0 0 0 1
XC01-KC338 9 10 98.551 0 0 0 1
KC338-XC06 10 11 99.654 0 0 0 1
XC06-KC186 11 12 410.691 0 0 0 1
KC186-XC07 12 13 136.241 0 0 0 1
XC07-KC469 13 14 105.389 0 0 0 1
KC469-KC030 14 15 77.716 0 0 0 1
KC030-KC478 15 1 106.350 0 0 0 1
XC01-XC10 9 16 198.269 0 0 0 1
XC10-KC236 16 17 114.711 0 0 0 1
KC236-XC09 17 18 251.000 0 0 0 1
XC09-XC08 18 19 611.563 0 0 0 1
XC08-KC421 19 20 150.338 0 0 0 1
KC421-KC186 20 12 333.158 0 0 0 1
